$ANSIBLE_VAULT;1.1;AES256
31663233323133636332393965663938383136643639373833383963363630633065353166376539
6336303638626431633336346332396566363661356165610a363331626636333762663332303566
39656561306365363364306330633230316134363139353163653364653839613936633630363134
3965316436313131370a643831343333623635333063346264643664303364643138656465613232
64613431363635316333616235303836313637653838646235383231363538616339616231616436
36336438376239646562623237303262366635653365653062356261666665326131316364663935
61336362333138363235663065306237323831303838616665666465623964363564393766623264
37666162636334626165373763626465323731666639303735373330303430333036373662336335
61326630323639333761633039616232663330623737346631613531633561343863343735643266
39613933386536336338643831353237376465393831643033363131343033313664383863303438
32386530613438393734613130313033666235303938333036393063303432316364343139623434
61336566626461356365373565653264353438396663323966643436623631613363666563316633
66353462366439333031613838383232303538373964663135336131333739393531663866636538
35656334343165383733616164346662643061653065346535383061613630366432346233653663
34326433373837626366613066323365303466393063353437656534376239623636633764633361
66643431363665363636323563663939346632303230636662663732646262353465363062396665
66343438356535333137393566623665333436613035336432663734653563343965646234353761
31396539373335656534633035373364383364313664653737353834373861383238393035363161
33323265303964343564353839623665323835386330663233306362643762303131623262383266
33393035313165323361313533666534346361343939643331313863373066656631383333333635
38376435396464636130373434333233366635313339303931333932346231313238353662386530
30353231323637386632386261393235373261316334363137613833386139636338623133393365
65633536633037623038663261393265313265613366656536336264326632623338343239363963
31336334663031353363
